Toplevel-Operations;Subresource-Operations;Sum-Toplevel-Operations;Sum-Subresource-Operations;Sum-All-Operations;Current-OAS-File
9;7;9;7;16;0028_abasky-deeppay-1.0.0-swagger.json
1;0;10;7;17;0030_ABC-CONSULTORIA-HubCustomer-v1-swagger.json
2;0;12;7;19;0038_act-inc-org-1-act-inc-api-1-1.0.0-swagger.json
225;0;237;7;244;0039_Actimo-Actimo-1.2.2-swagger.json
4;0;241;7;248;0045_Adj1-Catalog-1.0.0-swagger.json
20;0;261;7;268;0053_advent_matthewa-DealerDirect-0-swagger.json
4;1;265;8;273;0070_aireno-Transkipcija-1.3.0-swagger.json
4;0;269;8;277;0074_AjRj-catalog-1.0.0-swagger.json
10;0;279;8;287;0077_akaracsony-appointments-v1-swagger.json
3;1;282;9;291;0084_alatushkin-context-help-mapping-dictionary-0.0.2-swagger.json
18;1;300;10;310;0086_alex.costa.modusbox-TestImport-1.0.0-swagger.json
16;1;316;11;327;0087_Alexander-Burghuber-RoarFit-API-1.8.2-swagger.json
6;0;322;11;333;0092_alexlapaev-PlusBankLoginApi-0.1.0.1-swagger.json
7;2;329;13;342;0093_alexsander-ramos-cenibraformsapi-1.0.0-oas3-swagger.json
3;0;332;13;345;0095_AlexSpark-TESTO-1.0-swagger.json
3;0;335;13;348;0097_alfah-ap-mag-service-api-1.0-swagger.json
5;0;340;13;353;0102_AlightSolutions1-ContributionRateChange-1.1-swagger.json
23;2;363;15;378;0111_alphadose-gasper-dominus_api-1.0-swagger.json
16;3;379;18;397;0112_alyf.de-ERPNext-13-swagger.json
4;0;383;18;401;0115_amassi-QiotaApiAuth-0.1-swagger.json
2;0;385;18;403;0117_Ameliom-JelliOrders-1.1.1-swagger.json
21;0;406;18;424;0125_analogic_2004-UCOIN-1.0.0-swagger.json
4;0;410;18;428;0127_andre.vellinha-MSLACloudServices-1.0.0-swagger.json
12;6;422;24;446;0128_AndreiBarbuOz-ui-bank-1.0.0-swagger.json
4;4;426;28;454;0150_AploRex2-AploRex-API-1.0.0-swagger.json
10;0;436;28;464;0152_Apologistics-GmbH-autostore_controller-1.0.0-swagger.json
65;51;501;79;580;0166_Appy.dev-AppyMicroservices-2.2.3-swagger.json
137;64;638;143;781;0181_Aseapp-papa-loopback-3.0.0-swagger.json
67;0;705;143;848;0190_atmosphere-digital-wgts-1.0.0-swagger.json
6;1;711;144;855;0197_Avanan-msp-api_gw-0.1-swagger.json
10;4;721;148;869;0206_awell-awell-api-v1.2-swagger.json
5;0;726;148;874;0207_AWS-Cumulus-Cumulus-1.0-oas3-swagger.json
44;22;770;170;940;0217_b6215-api-schema-1.0.1-swagger.json
28;28;798;198;996;0222_baonq5-Call_Center_APIs-4.0.0-swagger.json
40;5;838;203;1041;0223_baonq5-LocalSupport-1.0.0-swagger.json
10;0;848;203;1051;0224_baonv-api-pryvatex_exchange-1.0.0-swagger.json
271;0;1119;203;1322;0235_bctest-brite-core_gen_2_api-2.0.0-swagger.json
51;1;1170;204;1374;0242_BeMoby8-bemoby-call_center_api-1.1.0-swagger.json
11;5;1181;209;1390;0250_bi-edpi-component-inventory_api-1.0.0-oas3-swagger.json
1;0;1182;209;1391;0286_Booking-Protect-Ltd-Cancellation-1.0.0-swagger.json
1;0;1183;209;1392;0288_Booking-Protect-Ltd-Sales-1.0.0-swagger.json
7;0;1190;209;1399;0294_BO_integration-1C_DMS-1.0.3-swagger.json
1;0;1191;209;1400;0295_BO_integration-Acquisitors_for_sale-1.0.0-swagger.json
2;0;1193;209;1402;0296_BO_integration-Contract_import-1.0.2-swagger.json
3;0;1196;209;1405;0297_BO_integrations-blanks_management-1.0.0-swagger.json
1;0;1197;209;1406;0299_BO_integration_1-Health_insurance_iic-1.0.0-swagger.json
2;0;1199;209;1408;0309_BTCorretora-Acoes-1.0.0-swagger.json
8;0;1207;209;1416;0313_BTCorretora-Seguranca-1.0.0-swagger.json
94;31;1301;240;1541;0314_BudakHasan-CMS-PROJECT-v1.0.0-oas3-swagger.json
13;35;1314;275;1589;0319_C3868-cmyn-api-iteracion3-swagger.json
6;0;1320;275;1595;0334_CareAcademy-CareAcademy-1.0.6-swagger.json
2;0;1322;275;1597;0353_centiglobe-pay-1.0.0-swagger.json
18;0;1340;275;1615;0355_ceyentra-ccl-1.0.0-swagger.json
33;0;1373;275;1648;0356_ceyentra-Lyvsta-v1-swagger.json
37;0;1410;275;1685;0358_chaloupka.cross.cz-MISAPI-1.0.5-swagger.json
4;4;1414;279;1693;0377_cityzen-up-WSS_ACTIONS-1.0.0-swagger.json
6;0;1420;279;1699;0378_cityzen-up-WSS_TACHES-1.0.0-swagger.json
4;0;1424;279;1703;0385_Click-and-Mortar-Goratio-1.1.0-swagger.json
8;0;1432;279;1711;0400_code-rain-todoapp-1.0.0-snapshot-swagger.json
11;0;1443;279;1722;0401_CodeGeneration1920-BankAPI-1920-0.4-oas3-swagger.json
24;0;1467;279;1746;0412_CollinEstes-clps-1.1.0-swagger.json
11;0;1478;279;1757;0421_contexta-ContextaSpeechApi-3.0.0-swagger.json
188;0;1666;279;1945;0428_cpssoft-accurate-online_public_api-1.2244.7830-swagger.json
10;0;1676;279;1955;0432_Creative-Skills-DRZAssistanceOnlineAPI-0.1-swagger.json
3;0;1679;279;1958;0434_credy-argentina-affiliate-docs-3.0.10-swagger.json
22;21;1701;300;2001;0443_ctsuite-DataFX-3.2.0-swagger.json
5;1;1706;301;2007;0444_ctsuite-OpenQueue-3.2.0-swagger.json
16;0;1722;301;2023;0449_CyberArk_AAM_SME-PKIaaS-1.0.0-swagger.json
6;10;1728;311;2039;0468_dario-frongillo-workshop-poll-maker-1.1.1-swagger.json
2;0;1730;311;2041;0477_Data-Creativa-CPS-1.0.0-swagger.json
3;0;1733;311;2044;0478_Data-Creativa-SanbornsTelcel-1.0.0-swagger.json
24;73;1757;384;2141;0483_datahen-datahen-api-1.0.1-swagger.json
3;0;1760;384;2144;0491_DCAPIPKB-managedaccountenrollment-1.0-swagger.json
8;3;1768;387;2155;0494_DDMLinnemann-ReverseProxyManagerAPI-1.0-swagger.json
26;0;1794;387;2181;0504_DeNovoDNA-JobControl-1.0.1-swagger.json
83;0;1877;387;2264;0508_dev.spptti-sppt-ti_api-2019.1-swagger.json
31;0;1908;387;2295;0519_Diebold-Nixdorf-dn-open_backend_api-2.2.2-swagger.json
16;8;1924;395;2319;0521_Digipolis-planon-rest_api-0.1.8-swagger.json
16;11;1940;406;2346;0524_Digital-Fineprint-Engage-4.2.6-swagger.json
14;0;1954;406;2360;0526_Diligex-KYCMATIC_API-1.00.08-swagger.json
2;0;1956;406;2362;0534_Direct_Wines-PaymentAPISuite-1.6.0-swagger.json
4;1;1960;407;2367;0535_Direct_Wines-PermissionsAPI-1.1.0-swagger.json
2;0;1962;407;2369;0536_Direct_Wines-ProductSearchApi-1.1.0-swagger.json
2;1;1964;408;2372;0538_Direct_Wines-ProfileWalletAPI-1.5.0-swagger.json
4;0;1968;408;2376;0539_Direct_Wines-PromotionsAPI-1.4.0-swagger.json
32;0;2000;408;2408;0540_dirisujesse-lighthouse-1.0.0-swagger.json
3;0;2003;408;2411;0543_Divya-RS-Products-1.00-swagger.json
27;0;2030;408;2438;0551_DotFinance-TangoAPI-1.2.4-swagger.json
10;1;2040;409;2449;0553_dpeliser-workflow-1.2.0-swagger.json
18;0;2058;409;2467;0554_Dr-D-wapi-0.0.9-swagger.json
19;0;2077;409;2486;0556_drbooze-service_api-3.7.0-swagger.json
1;0;2078;409;2487;0561_Dryden-Corp-e-keeper_5_x_api-1.0-swagger.json
16;16;2094;425;2519;0572_dwisulfahnur-GoKreator-0.2.0-swagger.json
4;0;2098;425;2523;0574_DXC53-APIMActividad-1.0-swagger.json
1;0;2099;425;2524;0575_DXC53-APIMToken-1.0-swagger.json
4;0;2103;425;2528;0576_DXC53-APIMUsuario-1.0-swagger.json
246;5;2349;430;2779;0588_EBANQFINTECH-ebanq-services-1.34.0-swagger.json
10;4;2359;434;2793;0601_EdgeXFoundry1-device-sdk-1.2.1-swagger.json
9;0;2368;434;2802;0616_elasticio-maester-0.0.5-swagger.json
5;1;2373;435;2808;0622_Employment-Office-Ogilvy-2.1.1-swagger.json
10;0;2383;435;2818;0627_Engagency-MyBenefits.Life-v4.1-swagger.json
26;0;2409;435;2844;0631_Enrico-Ansaloni-VST-1.0.0-swagger.json
22;0;2431;435;2866;0633_Enrout-Enrout-1.0.0-oas3-swagger.json
1;0;2432;435;2867;0634_ePropServices-Referrals-1.0.2-swagger.json
40;37;2472;472;2944;0637_erezblm-AmiadClientAPI-2.0.4-swagger.json
4;0;2476;472;2948;0638_erezblm-IoTAdapter-IoTServer-0.1.1-swagger.json
12;0;2488;472;2960;0639_erezblm-IoTServer-IoTAdapter-0.1.2-swagger.json
9;0;2497;472;2969;0650_Evandro18-CRM_PAX-1.0.0-swagger.json
2;0;2499;472;2971;0654_evt-Ambev_Zeus-Ambev_PO7.5_DMS-1.2.0-oas3-swagger.json
4;0;2503;472;2975;0663_f6161-Faresaver_API-0.91-swagger.json
4;1;2507;473;2980;0670_FasterFinance-application-api-1.0.0-swagger.json
104;3;2611;476;3087;0677_felippe.ribeiro-customer-api-9.0.0-swagger.json
17;1;2628;477;3105;0679_FF-IT-e-paraksts_on_boarding_service-1.0.0-swagger.json
4;0;2632;477;3109;0688_FISC-epip-1.0.0-swagger.json
43;16;2675;493;3168;0691_flaxen.tech-footcareer.com-1.0.0-swagger.json
23;2;2698;495;3193;0692_flo17-TP-Frontend-1.0.0-oas3-swagger.json
25;107;2723;602;3325;0712_Freight-Trust-api-reference_for_the_kaleido_platform-1.0-swagger.json
31;0;2754;602;3356;0713_from.digital-MasheryEndpoints-1.1.4-swagger.json
5;0;2759;602;3361;0738_getinclusive-status-1.41b-swagger.json
39;6;2798;608;3406;0750_God-mbh7-Moehlenhoff-Cloud-5.01-swagger.json
2;4;2800;612;3412;0751_God3-pos-1.3.2-swagger.json
31;3;2831;615;3446;0759_gosoft-thailand-7-Delivery-Customer-API-1.18-swagger.json
9;0;2840;615;3455;0766_GreatCode-Listed-api-v1-swagger.json
44;1;2884;616;3500;0778_guian-MarketplaceAPI-1.0.7-swagger.json
3;0;2887;616;3503;0781_Guppitus4-Barracuda-1.0.0-swagger.json
12;2;2899;618;3517;0785_HaakCo-HaakCo-1.0.1-swagger.json
35;58;2934;676;3610;0789_happy-cog-osborne_erp_service_api-1.0.26-swagger.json
2;0;2936;676;3612;0804_Heildsala.Syn-CreditingManager-1.0.0-oas3-swagger.json
5;0;2941;676;3617;0812_hgomez-we-kall_api-1.0.0-swagger.json
34;0;2975;676;3651;0813_Hibin-Mobile-1.0.4-swagger.json
39;2;3014;678;3692;0815_himkwtn-Hilbert-1.2.0-swagger.json
16;1;3030;679;3709;0822_hitunes-assignment-1.0.0-swagger.json
46;11;3076;690;3766;0827_HMH_Sistemas-Isibit_Travel_open_API-1.1.0-swagger.json
4;0;3080;690;3770;0846_hplussports-catalog-1.0.0-swagger.json
1;0;3081;690;3771;0856_hyounus-Yell-Api-1.0.2-swagger.json
40;31;3121;721;3842;0864_Ibermutua-composite-rel-1.0.3-swagger.json
4;0;3125;721;3846;0873_IETStudent-Catalog-1.0.0-swagger.json
10;5;3135;726;3861;0875_Igorxp5-AppLada-1.0.0-swagger.json
1;0;3136;726;3862;0879_ImaginStudio-VehicleRequest-1.0-oas3-swagger.json
2;5;3138;731;3869;0885_incadea-Basic-2.1.0-swagger.json
9;0;3147;731;3878;0890_indocomsoft-hacknroll-registration-1.1.0-swagger.json
19;4;3166;735;3901;0900_inholland1-Bezorg.direct-1.3.0-swagger.json
3;0;3169;735;3904;0912_Integration_tourists-Travel-1.0.6-swagger.json
4;0;3173;735;3908;0913_Integration_tourists-Travel_contract_integration_iic-1.0.0-swagger.json
3;0;3176;735;3911;0914_Integration_tourists-Travel_contract_integration_init-1.0.3-swagger.json
3;0;3179;735;3914;0915_Integration_tourists-Travel_contract_integration_polis_ua-1.0.4-swagger.json
6;2;3185;737;3922;0916_intera-CarloopFree2MoveInterface-1.0.3-swagger.json
29;12;3214;749;3963;0943_isonaspureaccess-api-v2-1.0.3-swagger.json
9;0;3223;749;3972;0958_iway.io-booking_api_en-3.0.0-swagger.json
12;7;3235;756;3991;0976_jchaves-organization-service-0.0.3-swagger.json
12;0;3247;756;4003;0996_jjtortosa-cm-hub-1.0.2-swagger.json
11;1;3258;757;4015;0999_jlugoww-ww-bot-dashboard-api-1.0-swagger.json
4;0;3262;757;4019;1001_jmorgan7-catalogue-1.0.0-swagger.json
1;0;3263;757;4020;1004_JoaoGabrielOliveiraSilv-Listed-api-v1-swagger.json
4;0;3267;757;4024;1023_jupiter1-CandidateRegistration-1.0.0-swagger.json
26;0;3293;757;4050;1024_jupiter1-ProductServices-1.0.0-swagger.json
9;0;3302;757;4059;1041_kana-userstore_rest_1-1.0.0-oas3-swagger.json
4;1;3306;758;4064;1048_ke-zhang-rd-amastra-samples-0.0.1-swagger.json
10;0;3316;758;4074;1060_kiomat-SportLife-0.11.0-swagger.json
33;29;3349;787;4136;1067_kmermelas-AgeingatWork_Forum_API-5-swagger.json
3;0;3352;787;4139;1073_KNX_Sports_and_Media-Statistics-Center-0.1-swagger.json
15;0;3367;787;4154;1081_konstapascal-chestnut-api-1.0-swagger.json
4;0;3371;787;4158;1092_ksingh.rajeev-catalog-1.0.0-swagger.json
1;491;3372;1278;4650;1129_lhtan-dev-dynamics-365_business_central-1.0.0-swagger.json
9;0;3381;1278;4659;1132_LidiaIvanova-NotForgotRestAPI-1.0-swagger.json
1;8;3382;1286;4668;1134_liferayinc-commerce-delivery-catalog-v1.0-swagger.json
5;2;3387;1288;4675;1147_ljimenez7-api-0.0.1-swagger.json
24;24;3411;1312;4723;1150_LocalizeWiz-WizApi-1.0.0-swagger.json
1;6;3412;1318;4730;1153_Logiware-SharkWCS-1.0.1-swagger.json
12;0;3424;1318;4742;1154_Logiware-SharkWMS-0.5.3-swagger.json
10;12;3434;1330;4764;1156_LOQBOX-LOQBOX-Core-1.0.2-swagger.json
8;0;3442;1330;4772;1159_Los-compadres-ejercicio1-1.0.0-swagger.json
36;0;3478;1330;4808;1182_m437-mola-0.0.1-swagger.json
6;14;3484;1344;4828;1184_MaaP_KR-RCS_Biz_Center-1.0.4-swagger.json
2;8;3486;1352;4838;1196_marcelkat-Covid19Backend-1.0.1-swagger.json
37;10;3523;1362;4885;1197_MarchingBytes-ATM-1.1.1-swagger.json
6;1;3529;1363;4892;1199_MariumAli-EnsemblSearchGeneRestApi-1.0.0-swagger.json
90;127;3619;1490;5109;1200_marketboomer-PurchasePlusAPI-Inventory-2.0-swagger.json
16;2;3635;1492;5127;1215_Max-Value-Software-MVS_Licensing_API-0.0.31-swagger.json
2;2;3637;1494;5131;1217_maxx-t-MyUnisoft-1.0.1-swagger.json
1;0;3638;1494;5132;1226_medods-telephony-common-1.0-swagger.json
3;0;3641;1494;5135;1227_meekittipol-eipp-ext-invoice-service-1.0.0-swagger.json
9;0;3650;1494;5144;1231_Merlin-Technologies-SteamshipLineCargoIntegration-1.1-swagger.json
6;0;3656;1494;5150;1236_mfassis-GLAZ_API-1.0-oas3-swagger.json
13;0;3669;1494;5163;1238_mfi95-healthstack-0.5-swagger.json
3;0;3672;1494;5166;1245_michaelfontes-HR_API_OAS3.0-2.0.0-swagger.json
16;11;3688;1505;5193;1252_Minthealth-campaign-http-1.0.0-swagger.json
61;1;3749;1506;5255;1254_mirc-engineering-workloggerweb-1.0.0-swagger.json
2;0;3751;1506;5257;1256_mit-ndowmon-ensembles-infrastructure-map-1.0.0-swagger.json
11;0;3762;1506;5268;1257_mlima-vuttr-1.1.0-swagger.json
47;15;3809;1521;5330;1268_Mosaic-business-api-1.0.25-swagger.json
7;0;3816;1521;5337;1277_mspisarev-AIS2.0_dictionaries_tariffs-0.15.0.30-swagger.json
1;0;3817;1521;5338;1280_mspisarev2-common-0.15.0.30-swagger.json
16;0;3833;1521;5354;1306_nduytg-Deeper-1.0.1-oas3-swagger.json
160;21;3993;1542;5535;1322_NickDarvey-Test-1-oas3-swagger.json
6;3;3999;1545;5544;1334_norima-sfi-IrisMobileApi-v0.2-swagger.json
23;0;4022;1545;5567;1336_nottakis-visit-nursing-0.1.4-swagger.json
4;3;4026;1548;5574;1342_NYSHEX-enforceable-bookings-1.0.4-swagger.json
77;0;4103;1548;5651;1353_OfficeGuy-OfficeGuyAPI-v4-oas3-swagger.json
2;0;4105;1548;5653;1362_Omni.sc-employers-api-1.1.2-swagger.json
38;0;4143;1548;5691;1369_Onegolive-jde_bssv_rest-1.0-swagger.json
60;200;4203;1748;5951;1374_OpenBankingRadar-Open_Banking_Brasil_API-v1.0-swagger.json
7;0;4210;1748;5958;1377_ORBCOMM-ORBCOMM_AIS_API-2.0.10-swagger.json
37;0;4247;1748;5995;1387_Otarkie-test-1.0.0-oas3-swagger.json
8;0;4255;1748;6003;1388_OTDP-Toolbox-1.2.0.13-swagger.json
43;56;4298;1804;6102;1390_Outlocks-access-api-1.3.1-swagger.json
22;14;4320;1818;6138;1391_p0psicles8-medusa-api-2.0.0-oas3-swagger.json
15;100;4335;1918;6253;1400_Panaya6-Panaya-19.09-swagger.json
6;0;4341;1918;6259;1401_paperini-api-paperini-plugin_api-latest-swagger.json
24;73;4365;1991;6356;1402_paramaw-swagger-petstore-1.0.0.1-swagger.json
3;0;4368;1991;6359;1411_PavanKrishnaGadde-HR_API_3.0-2.0.0-swagger.json
13;16;4381;2007;6388;1412_Payment-Approved-CBIX-0.1.0-swagger.json
151;28;4532;2035;6567;1423_PGA2-ServiceTitan-v1-swagger.json
14;6;4546;2041;6587;1426_philectron-osu-cs-applied-plan-portal-1.0.0-swagger.json
36;1;4582;2042;6624;1439_pierre.charles.m2m-PedroCarlos-1.0.0-swagger.json
5;0;4587;2042;6629;1456_POLIEDRO-Documentos-SAEP-1.0.0-swagger.json
7;0;4594;2042;6636;1457_POLIEDRO-Inscricoes-SAEP-1.0.0-swagger.json
9;0;4603;2042;6645;1472_product_dev-kays-locations-dev-1.0.0-oas3-swagger.json
5;0;4608;2042;6650;1496_QA_Automation-Execution-Run-1.0-swagger.json
7;4;4615;2046;6661;1499_qloudsoft-nectr-1.0.0-swagger.json
14;1;4629;2047;6676;1510_rafaucau-Cantor-1.0-swagger.json
2;3;4631;2050;6681;1533_rbandarupally-OnboardingOrganisation-1.0.0-swagger.json
1;0;4632;2050;6682;1538_RedtTelecom-OmnichannelAPI-3.4.2-swagger.json
43;4;4675;2054;6729;1546_Responder-responder-V2.0-swagger.json
5;3;4680;2057;6737;1547_Restrain-Status-3.0.0-beta3-swagger.json
11;0;4691;2057;6748;1548_retailsolution-GeneralAPI-1.0.0-swagger.json
8;1;4699;2058;6757;1549_retailsolution-InternalPayment-1.0-swagger.json
32;4;4731;2062;6793;1550_retor7-citizen-app_api_docs-2.0.0-swagger.json
28;14;4759;2076;6835;1551_RFG-UserManagement-1.0.0-swagger.json
20;3;4779;2079;6858;1564_robertvanmolken-SpendiesAPI-1.0-swagger.json
6;0;4785;2079;6864;1565_robsel1186-Habit-Tracker-1.0.0-oas3-swagger.json
7;0;4792;2079;6871;1570_romulo94-vuttr-1.0.0-swagger.json
6;0;4798;2079;6877;1573_rontero-skso-1.0.0-oas3-swagger.json
153;0;4951;2079;7030;1578_ross-zebra-ross_sim_api-1.13.647.0-swagger.json
12;0;4963;2079;7042;1585_rtgholdings-RTGHoldingsOpenCRMAPI-1.0-swagger.json
14;0;4977;2079;7056;1586_rtgholdings-RTGHoldingsOpenCRMAPISandbox-1.0-swagger.json
20;38;4997;2117;7114;1614_sample-api-mock-common-1.0.0-swagger.json
16;4;5013;2121;7134;1631_scd.sulga-hrmny-1.0.1-swagger.json
6;0;5019;2121;7140;1650_senta-Senta-1.4-swagger.json
42;4;5061;2125;7186;1653_sentifi-api-docs-sentifi-intelligence_markets_api-1.0.0-swagger.json
23;0;5084;2125;7209;1654_sep3-project-SEP3-tier2-1.0.0-oas3-swagger.json
4;1;5088;2126;7214;1669_shjulberg-music-api-0.3.3-swagger.json
42;19;5130;2145;7275;1673_Shoprunback-SRB-APP-1.1.0.0-swagger.json
3;0;5133;2145;7278;1688_sindhu-gangadharan-product-1.0.0-swagger.json
15;0;5148;2145;7293;1700_Smartinfo-Sweden-AB-SmartinfoSystemsAPI-2.5.0-oas3-swagger.json
5;3;5153;2148;7301;1703_smoya_samba-mvr-api-0.0.3-swagger.json
1;0;5154;2148;7302;1705_SOITEC-AWS_SES-1.0.0-oas3-swagger.json
9;0;5163;2148;7311;1722_SportsBiz-CognitoAdapter-1.0.0-swagger.json
9;0;5172;2148;7320;1724_sportshi-team-service-1.0.0-swagger.json
22;0;5194;2148;7342;1727_Srijan-Tech-la-mer_lmx_cms_rest_api-1.0-swagger.json
14;14;5208;2162;7370;1732_Staant95-Smartshop-1.0.0-swagger.json
24;6;5232;2168;7400;1738_StepAhead-StepsCRM-0.0.8-swagger.json
3;1;5235;2169;7404;1750_Subway-FreshAPI-Order-1.0.0-swagger.json
3;10;5238;2179;7417;1768_szse-dev-finbus_mbam_monitoring_indicator-0.0.1-swagger.json
9;6;5247;2185;7432;1776_talentclue-talent-clue_api-1.1.4-swagger.json
7;0;5254;2185;7439;1777_taltech-lang-lab-SpeakerID-1.0.0-swagger.json
50;0;5304;2185;7489;1789_team777-1551-1.0.0-oas3-swagger.json
9;0;5313;2185;7498;1790_teameap-Viptela_by_Orange-1.0.2-swagger.json
18;31;5331;2216;7547;1793_teconcept-swagger-io_link_master-0.0.1-oas3-swagger.json
5;0;5336;2216;7552;1797_telkomdev-lalas-ChatAja-Core-1.0.0-swagger.json
4;1;5340;2217;7557;1798_telless-temp-1.0.0-swagger.json
3;0;5343;2217;7560;1807_test8374-testAPI001-0.0.1-swagger.json
82;0;5425;2217;7642;1822_The-Villa-Play_Server-1.0-oas3-swagger.json
23;44;5448;2261;7709;1837_TIS-CCA-cca-core_data_service_api-1.210.3-oas3-swagger.json
8;1;5456;2262;7718;1845_tomsluyts-Persoon-1.0.0-swagger.json
9;0;5465;2262;7727;1847_Toporov_Vladislav-transfer-1.0.0-swagger.json
6;0;5471;2262;7733;1848_toures_balon-Usuario-Servicio-1.0.0-swagger.json
5;0;5476;2262;7738;1849_Tournamazing-tournament-service-v1-oas3-swagger.json
4;0;5480;2262;7742;1864_tsdv-Ehpd-1.0.0-swagger.json
8;2;5488;2264;7752;1866_tsfreitas-arauto-ws-1.0.0-swagger.json
10;0;5498;2264;7762;1877_Ulakapp.com-b-2_b_public-1.0-swagger.json
2;0;5500;2264;7764;1898_vaporting-passive-dns-1.0-swagger.json
4;0;5504;2264;7768;1908_vidacare-vidacare.ticket-1.1.0-oas3-swagger.json
17;4;5521;2268;7789;1911_Videonetics2020-MerafaceService-1.0.0.0-swagger.json
4;0;5525;2268;7793;1925_VPL-Solutions-LLC-catalog-1.0.0-swagger.json
4;0;5529;2268;7797;1927_vs-simonchristian-haw_vs_tavern-1.0.0-swagger.json
4;0;5533;2268;7801;1940_Weavr-Webhook-2.9.4-swagger.json
17;1;5550;2269;7819;1949_WeProov8-WeProovApi-1.0.0-oas3-swagger.json
3;1;5553;2270;7823;1951_wesinc.api-fileupload-2.0-swagger.json
3;4;5556;2274;7830;1955_whisperwind-COG-1.0.0-swagger.json
15;0;5571;2274;7845;1961_williamchand-bca_young_hackr-1.0.0-swagger.json
10;0;5581;2274;7855;1967_WKozman-TestBook-1.1.1-swagger.json
8;0;5589;2274;7863;1970_Wodomon-Teletype-1.1.0-swagger.json
31;5;5620;2279;7899;1971_Woleet-WoleetIDServerAPI-1.2.3-swagger.json
7;0;5627;2279;7906;1974_WorkshopTech-PharmaStock-1.0.0-swagger.json
6;0;5633;2279;7912;1985_XNAT-Metrics-1.0.0-swagger.json
24;0;5657;2279;7936;2004_youbim-llc-youbim-1.0.0-swagger.json
2;2;5659;2281;7940;2008_yujinlim-myatm-1.0.0-swagger.json
9;1;5668;2282;7950;2020_zCode-Solutions-meetMyTypes-mobile-api-doc-1.0.2-swagger.json
1;0;5669;2282;7951;2032_Zipari-Core-Services-CareFirstMemberPoliciesList-100.0.2-swagger.json
1;0;5670;2282;7952;2036_Zipari-Core-Services-DocumentsList-10.3.1-swagger.json
15;29;5685;2311;7996;2037_Zipari-Core-Services-EDE_api-1.0.1-swagger.json
1;0;5686;2311;7997;2039_Zipari-Core-Services-GroupsList-10.0.4-swagger.json
1;0;5687;2311;7998;2040_Zipari-Core-Services-IDCardsList-10.2.1-swagger.json
1;0;5688;2311;7999;2042_Zipari-Core-Services-MemberPoliciesList-10.1.4-swagger.json
1;0;5689;2311;8000;2043_Zipari-Core-Services-MembersList-10.2.1-swagger.json
1;0;5690;2311;8001;2049_Zipari-Core-Services-MessageThreadsList-10.5.1-swagger.json
1;0;5691;2311;8002;2054_Zipari-Core-Services-PlansList-10.5.2-swagger.json
1;0;5692;2311;8003;2057_Zipari-Core-Services-PoliciesList-10.1.10-swagger.json
1;0;5693;2311;8004;2060_Zipari-Core-Services-ProvidersList-10.0.7-swagger.json
1;0;5694;2311;8005;2062_Zipari-Core-Services-TransactionsList-10.1.1-swagger.json
20;11;5714;2322;8036;2066_Zipari-Core-Services-zipari_provider_portal_v_3_0_1_payer_api_specification-3.0.3-swagger.json
1;0;5715;2322;8037;2068_ZIPARI19-policy_api-1.0.0-swagger.json
