Toplevel-Operations;Subresource-Operations;Sum-Toplevel-Operations;Sum-Subresource-Operations;Sum-All-Operations;Current-OAS-File
9;7;9;7;16;0028_abasky-deeppay-1.0.0-swagger.json
1;0;10;7;17;0030_ABC-CONSULTORIA-HubCustomer-v1-swagger.json
36;0;46;7;53;0034_abootis-work-kserver-1.0.0-swagger.json
2;0;48;7;55;0038_act-inc-org-1-act-inc-api-1-1.0.0-swagger.json
225;0;273;7;280;0039_Actimo-Actimo-1.2.2-swagger.json
4;0;277;7;284;0045_Adj1-Catalog-1.0.0-swagger.json
20;0;297;7;304;0053_advent_matthewa-DealerDirect-0-swagger.json
4;1;301;8;309;0070_aireno-Transkipcija-1.3.0-swagger.json
4;0;305;8;313;0074_AjRj-catalog-1.0.0-swagger.json
10;0;315;8;323;0077_akaracsony-appointments-v1-swagger.json
3;1;318;9;327;0084_alatushkin-context-help-mapping-dictionary-0.0.2-swagger.json
18;1;336;10;346;0086_alex.costa.modusbox-TestImport-1.0.0-swagger.json
16;1;352;11;363;0087_Alexander-Burghuber-RoarFit-API-1.8.2-swagger.json
6;0;358;11;369;0092_alexlapaev-PlusBankLoginApi-0.1.0.1-swagger.json
7;2;365;13;378;0093_alexsander-ramos-cenibraformsapi-1.0.0-oas3-swagger.json
3;0;368;13;381;0095_AlexSpark-TESTO-1.0-swagger.json
3;0;371;13;384;0097_alfah-ap-mag-service-api-1.0-swagger.json
5;0;376;13;389;0102_AlightSolutions1-ContributionRateChange-1.1-swagger.json
28;10;404;23;427;0103_alihamza-leoo-backend_api-1.0-swagger.json
34;6;438;29;467;0108_allen1-test-1.0.0-oas3-swagger.json
8;10;446;39;485;0110_ALO.ai-api.alo.ai-1.0.4-swagger.json
23;2;469;41;510;0111_alphadose-gasper-dominus_api-1.0-swagger.json
16;3;485;44;529;0112_alyf.de-ERPNext-13-swagger.json
4;0;489;44;533;0115_amassi-QiotaApiAuth-0.1-swagger.json
2;0;491;44;535;0117_Ameliom-JelliOrders-1.1.1-swagger.json
21;0;512;44;556;0125_analogic_2004-UCOIN-1.0.0-swagger.json
4;0;516;44;560;0127_andre.vellinha-MSLACloudServices-1.0.0-swagger.json
12;6;528;50;578;0128_AndreiBarbuOz-ui-bank-1.0.0-swagger.json
6;2;534;52;586;0150_AploRex2-AploRex-API-1.0.0-swagger.json
10;0;544;52;596;0152_Apologistics-GmbH-autostore_controller-1.0.0-swagger.json
65;51;609;103;712;0166_Appy.dev-AppyMicroservices-2.2.3-swagger.json
137;64;746;167;913;0181_Aseapp-papa-loopback-3.0.0-swagger.json
67;0;813;167;980;0190_atmosphere-digital-wgts-1.0.0-swagger.json
51;36;864;203;1067;0195_Automizy-Entermizy_public_v2-2.0.0-swagger.json
6;1;870;204;1074;0197_Avanan-msp-api_gw-0.1-swagger.json
10;4;880;208;1088;0206_awell-awell-api-v1.2-swagger.json
5;0;885;208;1093;0207_AWS-Cumulus-Cumulus-1.0-oas3-swagger.json
44;22;929;230;1159;0217_b6215-api-schema-1.0.1-swagger.json
28;28;957;258;1215;0222_baonq5-Call_Center_APIs-4.0.0-swagger.json
40;5;997;263;1260;0223_baonq5-LocalSupport-1.0.0-swagger.json
10;0;1007;263;1270;0224_baonv-api-pryvatex_exchange-1.0.0-swagger.json
271;0;1278;263;1541;0235_bctest-brite-core_gen_2_api-2.0.0-swagger.json
51;1;1329;264;1593;0242_BeMoby8-bemoby-call_center_api-1.1.0-swagger.json
11;5;1340;269;1609;0250_bi-edpi-component-inventory_api-1.0.0-oas3-swagger.json
30;12;1370;281;1651;0279_bntlangu-dls-1.0.1-swagger.json
21;2;1391;283;1674;0283_Bookaway-B2B-1.0.0-swagger.json
1;0;1392;283;1675;0286_Booking-Protect-Ltd-Cancellation-1.0.0-swagger.json
1;0;1393;283;1676;0288_Booking-Protect-Ltd-Sales-1.0.0-swagger.json
7;0;1400;283;1683;0294_BO_integration-1C_DMS-1.0.3-swagger.json
1;0;1401;283;1684;0295_BO_integration-Acquisitors_for_sale-1.0.0-swagger.json
2;0;1403;283;1686;0296_BO_integration-Contract_import-1.0.2-swagger.json
3;0;1406;283;1689;0297_BO_integrations-blanks_management-1.0.0-swagger.json
1;0;1407;283;1690;0299_BO_integration_1-Health_insurance_iic-1.0.0-swagger.json
2;0;1409;283;1692;0309_BTCorretora-Acoes-1.0.0-swagger.json
8;0;1417;283;1700;0313_BTCorretora-Seguranca-1.0.0-swagger.json
94;31;1511;314;1825;0314_BudakHasan-CMS-PROJECT-v1.0.0-oas3-swagger.json
13;35;1524;349;1873;0319_C3868-cmyn-api-iteracion3-swagger.json
6;0;1530;349;1879;0334_CareAcademy-CareAcademy-1.0.6-swagger.json
29;6;1559;355;1914;0342_cash4scrap-test-cash4scrap-1.0.0-swagger.json
2;0;1561;355;1916;0353_centiglobe-pay-1.0.0-swagger.json
129;146;1690;501;2191;0354_Centre-for-Aviation-capa-api-current-swagger.json
18;0;1708;501;2209;0355_ceyentra-ccl-1.0.0-swagger.json
33;0;1741;501;2242;0356_ceyentra-Lyvsta-v1-swagger.json
37;0;1778;501;2279;0358_chaloupka.cross.cz-MISAPI-1.0.5-swagger.json
1;7;1779;508;2287;0377_cityzen-up-WSS_ACTIONS-1.0.0-swagger.json
3;3;1782;511;2293;0378_cityzen-up-WSS_TACHES-1.0.0-swagger.json
4;0;1786;511;2297;0385_Click-and-Mortar-Goratio-1.1.0-swagger.json
8;0;1794;511;2305;0400_code-rain-todoapp-1.0.0-snapshot-swagger.json
11;0;1805;511;2316;0401_CodeGeneration1920-BankAPI-1920-0.4-oas3-swagger.json
24;0;1829;511;2340;0412_CollinEstes-clps-1.1.0-swagger.json
11;0;1840;511;2351;0421_contexta-ContextaSpeechApi-3.0.0-swagger.json
188;0;2028;511;2539;0428_cpssoft-accurate-online_public_api-1.2244.7830-swagger.json
38;2;2066;513;2579;0431_Crap-api-crapp-0.1.3.1-swagger.json
10;0;2076;513;2589;0432_Creative-Skills-DRZAssistanceOnlineAPI-0.1-swagger.json
3;0;2079;513;2592;0434_credy-argentina-affiliate-docs-3.0.10-swagger.json
96;36;2175;549;2724;0436_CRMWebSolutions-ChildCareCRM-3.5.1-swagger.json
22;21;2197;570;2767;0443_ctsuite-DataFX-3.2.0-swagger.json
5;1;2202;571;2773;0444_ctsuite-OpenQueue-3.2.0-swagger.json
16;0;2218;571;2789;0449_CyberArk_AAM_SME-PKIaaS-1.0.0-swagger.json
20;148;2238;719;2957;0463_daniel.pellejero-111-1.0.0-oas3-swagger.json
6;10;2244;729;2973;0468_dario-frongillo-workshop-poll-maker-1.1.1-swagger.json
2;0;2246;729;2975;0477_Data-Creativa-CPS-1.0.0-swagger.json
3;0;2249;729;2978;0478_Data-Creativa-SanbornsTelcel-1.0.0-swagger.json
24;73;2273;802;3075;0483_datahen-datahen-api-1.0.1-swagger.json
3;0;2276;802;3078;0491_DCAPIPKB-managedaccountenrollment-1.0-swagger.json
141;77;2417;879;3296;0492_dcenedella-ship-engine_api-1.1.202003301403-swagger.json
8;3;2425;882;3307;0494_DDMLinnemann-ReverseProxyManagerAPI-1.0-swagger.json
26;0;2451;882;3333;0504_DeNovoDNA-JobControl-1.0.1-swagger.json
83;0;2534;882;3416;0508_dev.spptti-sppt-ti_api-2019.1-swagger.json
9;24;2543;906;3449;0516_Diacare-Soft-LMS-1.0.0-oas3-swagger.json
31;0;2574;906;3480;0519_Diebold-Nixdorf-dn-open_backend_api-2.2.2-swagger.json
16;8;2590;914;3504;0521_Digipolis-planon-rest_api-0.1.8-swagger.json
16;11;2606;925;3531;0524_Digital-Fineprint-Engage-4.2.6-swagger.json
14;0;2620;925;3545;0526_Diligex-KYCMATIC_API-1.00.08-swagger.json
2;0;2622;925;3547;0534_Direct_Wines-PaymentAPISuite-1.6.0-swagger.json
4;1;2626;926;3552;0535_Direct_Wines-PermissionsAPI-1.1.0-swagger.json
2;0;2628;926;3554;0536_Direct_Wines-ProductSearchApi-1.1.0-swagger.json
2;1;2630;927;3557;0538_Direct_Wines-ProfileWalletAPI-1.5.0-swagger.json
4;0;2634;927;3561;0539_Direct_Wines-PromotionsAPI-1.4.0-swagger.json
32;0;2666;927;3593;0540_dirisujesse-lighthouse-1.0.0-swagger.json
3;0;2669;927;3596;0543_Divya-RS-Products-1.00-swagger.json
27;0;2696;927;3623;0551_DotFinance-TangoAPI-1.2.4-swagger.json
10;1;2706;928;3634;0553_dpeliser-workflow-1.2.0-swagger.json
18;0;2724;928;3652;0554_Dr-D-wapi-0.0.9-swagger.json
19;0;2743;928;3671;0556_drbooze-service_api-3.7.0-swagger.json
1;0;2744;928;3672;0561_Dryden-Corp-e-keeper_5_x_api-1.0-swagger.json
16;16;2760;944;3704;0572_dwisulfahnur-GoKreator-0.2.0-swagger.json
4;0;2764;944;3708;0574_DXC53-APIMActividad-1.0-swagger.json
1;0;2765;944;3709;0575_DXC53-APIMToken-1.0-swagger.json
4;0;2769;944;3713;0576_DXC53-APIMUsuario-1.0-swagger.json
246;5;3015;949;3964;0588_EBANQFINTECH-ebanq-services-1.34.0-swagger.json
10;4;3025;953;3978;0601_EdgeXFoundry1-device-sdk-1.2.1-swagger.json
9;0;3034;953;3987;0616_elasticio-maester-0.0.5-swagger.json
5;1;3039;954;3993;0622_Employment-Office-Ogilvy-2.1.1-swagger.json
10;0;3049;954;4003;0627_Engagency-MyBenefits.Life-v4.1-swagger.json
26;0;3075;954;4029;0631_Enrico-Ansaloni-VST-1.0.0-swagger.json
22;0;3097;954;4051;0633_Enrout-Enrout-1.0.0-oas3-swagger.json
1;0;3098;954;4052;0634_ePropServices-Referrals-1.0.2-swagger.json
40;37;3138;991;4129;0637_erezblm-AmiadClientAPI-2.0.4-swagger.json
4;0;3142;991;4133;0638_erezblm-IoTAdapter-IoTServer-0.1.1-swagger.json
12;0;3154;991;4145;0639_erezblm-IoTServer-IoTAdapter-0.1.2-swagger.json
9;0;3163;991;4154;0650_Evandro18-CRM_PAX-1.0.0-swagger.json
2;0;3165;991;4156;0654_evt-Ambev_Zeus-Ambev_PO7.5_DMS-1.2.0-oas3-swagger.json
4;0;3169;991;4160;0663_f6161-Faresaver_API-0.91-swagger.json
4;1;3173;992;4165;0670_FasterFinance-application-api-1.0.0-swagger.json
104;3;3277;995;4272;0677_felippe.ribeiro-customer-api-9.0.0-swagger.json
17;1;3294;996;4290;0679_FF-IT-e-paraksts_on_boarding_service-1.0.0-swagger.json
4;0;3298;996;4294;0688_FISC-epip-1.0.0-swagger.json
19;1;3317;997;4314;0689_fitriizani-swagger-petstore-1.0.0-swagger.json
43;16;3360;1013;4373;0691_flaxen.tech-footcareer.com-1.0.0-swagger.json
23;2;3383;1015;4398;0692_flo17-TP-Frontend-1.0.0-oas3-swagger.json
25;107;3408;1122;4530;0712_Freight-Trust-api-reference_for_the_kaleido_platform-1.0-swagger.json
31;0;3439;1122;4561;0713_from.digital-MasheryEndpoints-1.1.4-swagger.json
38;2;3477;1124;4601;0716_fuzari7-digital-office-0.1-swagger.json
5;0;3482;1124;4606;0738_getinclusive-status-1.41b-swagger.json
39;6;3521;1130;4651;0750_God-mbh7-Moehlenhoff-Cloud-5.01-swagger.json
2;4;3523;1134;4657;0751_God3-pos-1.3.2-swagger.json
31;3;3554;1137;4691;0759_gosoft-thailand-7-Delivery-Customer-API-1.18-swagger.json
9;0;3563;1137;4700;0766_GreatCode-Listed-api-v1-swagger.json
44;1;3607;1138;4745;0778_guian-MarketplaceAPI-1.0.7-swagger.json
3;0;3610;1138;4748;0781_Guppitus4-Barracuda-1.0.0-swagger.json
52;54;3662;1192;4854;0784_gwdp-IDM-API-0.6.2-swagger.json
12;2;3674;1194;4868;0785_HaakCo-HaakCo-1.0.1-swagger.json
35;58;3709;1252;4961;0789_happy-cog-osborne_erp_service_api-1.0.26-swagger.json
28;0;3737;1252;4989;0793_Harutaka-spectrum-api-v0.1-oas3-swagger.json
2;0;3739;1252;4991;0804_Heildsala.Syn-CreditingManager-1.0.0-oas3-swagger.json
5;0;3744;1252;4996;0812_hgomez-we-kall_api-1.0.0-swagger.json
34;0;3778;1252;5030;0813_Hibin-Mobile-1.0.4-swagger.json
39;2;3817;1254;5071;0815_himkwtn-Hilbert-1.2.0-swagger.json
16;1;3833;1255;5088;0822_hitunes-assignment-1.0.0-swagger.json
46;11;3879;1266;5145;0827_HMH_Sistemas-Isibit_Travel_open_API-1.1.0-swagger.json
37;0;3916;1266;5182;0837_hothouseinc-HH_Redemption_Engine-1.0.0-oas3-swagger.json
4;0;3920;1266;5186;0846_hplussports-catalog-1.0.0-swagger.json
1;0;3921;1266;5187;0856_hyounus-Yell-Api-1.0.2-swagger.json
40;31;3961;1297;5258;0864_Ibermutua-composite-rel-1.0.3-swagger.json
4;0;3965;1297;5262;0873_IETStudent-Catalog-1.0.0-swagger.json
10;5;3975;1302;5277;0875_Igorxp5-AppLada-1.0.0-swagger.json
24;29;3999;1331;5330;0876_igtbLocal-payment-processing_ap_is_include_send_receive_details_reclaims_and_remitance_informations-3.5.0-swagger.json
1;0;4000;1331;5331;0879_ImaginStudio-VehicleRequest-1.0-oas3-swagger.json
2;5;4002;1336;5338;0885_incadea-Basic-2.1.0-swagger.json
9;0;4011;1336;5347;0890_indocomsoft-hacknroll-registration-1.1.0-swagger.json
19;4;4030;1340;5370;0900_inholland1-Bezorg.direct-1.3.0-swagger.json
3;0;4033;1340;5373;0912_Integration_tourists-Travel-1.0.6-swagger.json
4;0;4037;1340;5377;0913_Integration_tourists-Travel_contract_integration_iic-1.0.0-swagger.json
3;0;4040;1340;5380;0914_Integration_tourists-Travel_contract_integration_init-1.0.3-swagger.json
3;0;4043;1340;5383;0915_Integration_tourists-Travel_contract_integration_polis_ua-1.0.4-swagger.json
6;2;4049;1342;5391;0916_intera-CarloopFree2MoveInterface-1.0.3-swagger.json
14;10;4063;1352;5415;0918_interledger-rs-Interledger-1.0-swagger.json
29;12;4092;1364;5456;0943_isonaspureaccess-api-v2-1.0.3-swagger.json
9;0;4101;1364;5465;0958_iway.io-booking_api_en-3.0.0-swagger.json
12;7;4113;1371;5484;0976_jchaves-organization-service-0.0.3-swagger.json
12;0;4125;1371;5496;0996_jjtortosa-cm-hub-1.0.2-swagger.json
11;1;4136;1372;5508;0999_jlugoww-ww-bot-dashboard-api-1.0-swagger.json
4;0;4140;1372;5512;1001_jmorgan7-catalogue-1.0.0-swagger.json
1;0;4141;1372;5513;1004_JoaoGabrielOliveiraSilv-Listed-api-v1-swagger.json
4;0;4145;1372;5517;1023_jupiter1-CandidateRegistration-1.0.0-swagger.json
26;0;4171;1372;5543;1024_jupiter1-ProductServices-1.0.0-swagger.json
9;0;4180;1372;5552;1041_kana-userstore_rest_1-1.0.0-oas3-swagger.json
4;1;4184;1373;5557;1048_ke-zhang-rd-amastra-samples-0.0.1-swagger.json
10;0;4194;1373;5567;1060_kiomat-SportLife-0.11.0-swagger.json
33;29;4227;1402;5629;1067_kmermelas-AgeingatWork_Forum_API-5-swagger.json
3;0;4230;1402;5632;1073_KNX_Sports_and_Media-Statistics-Center-0.1-swagger.json
7;0;4237;1402;5639;1080_konoma-akb-onboarding-majority-1.5-swagger.json
15;0;4252;1402;5654;1081_konstapascal-chestnut-api-1.0-swagger.json
4;0;4256;1402;5658;1092_ksingh.rajeev-catalog-1.0.0-swagger.json
1;491;4257;1893;6150;1129_lhtan-dev-dynamics-365_business_central-1.0.0-swagger.json
9;0;4266;1893;6159;1132_LidiaIvanova-NotForgotRestAPI-1.0-swagger.json
1;8;4267;1901;6168;1134_liferayinc-commerce-delivery-catalog-v1.0-swagger.json
5;2;4272;1903;6175;1147_ljimenez7-api-0.0.1-swagger.json
24;24;4296;1927;6223;1150_LocalizeWiz-WizApi-1.0.0-swagger.json
1;6;4297;1933;6230;1153_Logiware-SharkWCS-1.0.1-swagger.json
12;0;4309;1933;6242;1154_Logiware-SharkWMS-0.5.3-swagger.json
10;12;4319;1945;6264;1156_LOQBOX-LOQBOX-Core-1.0.2-swagger.json
8;0;4327;1945;6272;1159_Los-compadres-ejercicio1-1.0.0-swagger.json
14;0;4341;1945;6286;1171_lucky-mario-psms-PSMS-API-DOCUMENT-1.9.6-swagger.json
36;0;4377;1945;6322;1182_m437-mola-0.0.1-swagger.json
5;15;4382;1960;6342;1184_MaaP_KR-RCS_Biz_Center-1.0.4-swagger.json
2;8;4384;1968;6352;1196_marcelkat-Covid19Backend-1.0.1-swagger.json
37;10;4421;1978;6399;1197_MarchingBytes-ATM-1.1.1-swagger.json
2;5;4423;1983;6406;1199_MariumAli-EnsemblSearchGeneRestApi-1.0.0-swagger.json
90;127;4513;2110;6623;1200_marketboomer-PurchasePlusAPI-Inventory-2.0-swagger.json
11;12;4524;2122;6646;1201_marketboomer-PurchasePlusAPI-PointOfSale-2.0-swagger.json
16;2;4540;2124;6664;1215_Max-Value-Software-MVS_Licensing_API-0.0.31-swagger.json
2;2;4542;2126;6668;1217_maxx-t-MyUnisoft-1.0.1-swagger.json
20;2;4562;2128;6690;1222_md-ray-PhysicalResourceFulfillment-1.3.0-swagger.json
9;0;4571;2128;6699;1225_media-press.tv-Phoboss_API-2.0.0.0-swagger.json
1;0;4572;2128;6700;1226_medods-telephony-common-1.0-swagger.json
3;0;4575;2128;6703;1227_meekittipol-eipp-ext-invoice-service-1.0.0-swagger.json
9;0;4584;2128;6712;1231_Merlin-Technologies-SteamshipLineCargoIntegration-1.1-swagger.json
6;0;4590;2128;6718;1236_mfassis-GLAZ_API-1.0-oas3-swagger.json
13;0;4603;2128;6731;1238_mfi95-healthstack-0.5-swagger.json
3;0;4606;2128;6734;1245_michaelfontes-HR_API_OAS3.0-2.0.0-swagger.json
16;11;4622;2139;6761;1252_Minthealth-campaign-http-1.0.0-swagger.json
61;1;4683;2140;6823;1254_mirc-engineering-workloggerweb-1.0.0-swagger.json
2;0;4685;2140;6825;1256_mit-ndowmon-ensembles-infrastructure-map-1.0.0-swagger.json
11;0;4696;2140;6836;1257_mlima-vuttr-1.1.0-swagger.json
28;20;4724;2160;6884;1260_Mobigift-Mobigift-2-oas3-swagger.json
36;12;4760;2172;6932;1265_moneyfarm-api-0.8-swagger.json
47;15;4807;2187;6994;1268_Mosaic-business-api-1.0.25-swagger.json
7;0;4814;2187;7001;1277_mspisarev-AIS2.0_dictionaries_tariffs-0.15.0.30-swagger.json
1;0;4815;2187;7002;1280_mspisarev2-common-0.15.0.30-swagger.json
3;0;4818;2187;7005;1281_mspisarev2-documents-0.15.0.30-swagger.json
16;0;4834;2187;7021;1306_nduytg-Deeper-1.0.1-oas3-swagger.json
160;21;4994;2208;7202;1322_NickDarvey-Test-1-oas3-swagger.json
6;3;5000;2211;7211;1334_norima-sfi-IrisMobileApi-v0.2-swagger.json
23;0;5023;2211;7234;1336_nottakis-visit-nursing-0.1.4-swagger.json
4;3;5027;2214;7241;1342_NYSHEX-enforceable-bookings-1.0.4-swagger.json
77;0;5104;2214;7318;1353_OfficeGuy-OfficeGuyAPI-v4-oas3-swagger.json
2;0;5106;2214;7320;1362_Omni.sc-employers-api-1.1.2-swagger.json
38;0;5144;2214;7358;1369_Onegolive-jde_bssv_rest-1.0-swagger.json
60;200;5204;2414;7618;1374_OpenBankingRadar-Open_Banking_Brasil_API-v1.0-swagger.json
7;0;5211;2414;7625;1377_ORBCOMM-ORBCOMM_AIS_API-2.0.10-swagger.json
37;0;5248;2414;7662;1387_Otarkie-test-1.0.0-oas3-swagger.json
8;0;5256;2414;7670;1388_OTDP-Toolbox-1.2.0.13-swagger.json
43;56;5299;2470;7769;1390_Outlocks-access-api-1.3.1-swagger.json
22;14;5321;2484;7805;1391_p0psicles8-medusa-api-2.0.0-oas3-swagger.json
15;100;5336;2584;7920;1400_Panaya6-Panaya-19.09-swagger.json
6;0;5342;2584;7926;1401_paperini-api-paperini-plugin_api-latest-swagger.json
24;73;5366;2657;8023;1402_paramaw-swagger-petstore-1.0.0.1-swagger.json
3;0;5369;2657;8026;1411_PavanKrishnaGadde-HR_API_3.0-2.0.0-swagger.json
13;16;5382;2673;8055;1412_Payment-Approved-CBIX-0.1.0-swagger.json
151;28;5533;2701;8234;1423_PGA2-ServiceTitan-v1-swagger.json
14;6;5547;2707;8254;1426_philectron-osu-cs-applied-plan-portal-1.0.0-swagger.json
141;77;5688;2784;8472;1427_phillydevshop-ship-engine_api-1.1.202003301403-swagger.json
36;1;5724;2785;8509;1439_pierre.charles.m2m-PedroCarlos-1.0.0-swagger.json
5;0;5729;2785;8514;1456_POLIEDRO-Documentos-SAEP-1.0.0-swagger.json
7;0;5736;2785;8521;1457_POLIEDRO-Inscricoes-SAEP-1.0.0-swagger.json
9;0;5745;2785;8530;1472_product_dev-kays-locations-dev-1.0.0-oas3-swagger.json
5;0;5750;2785;8535;1496_QA_Automation-Execution-Run-1.0-swagger.json
7;4;5757;2789;8546;1499_qloudsoft-nectr-1.0.0-swagger.json
7;18;5764;2807;8571;1505_Qvaleio-user-mgmt-apis-1.0.0-swagger.json
14;1;5778;2808;8586;1510_rafaucau-Cantor-1.0-swagger.json
2;3;5780;2811;8591;1533_rbandarupally-OnboardingOrganisation-1.0.0-swagger.json
1;0;5781;2811;8592;1538_RedtTelecom-OmnichannelAPI-3.4.2-swagger.json
43;4;5824;2815;8639;1546_Responder-responder-V2.0-swagger.json
5;3;5829;2818;8647;1547_Restrain-Status-3.0.0-beta3-swagger.json
11;0;5840;2818;8658;1548_retailsolution-GeneralAPI-1.0.0-swagger.json
8;1;5848;2819;8667;1549_retailsolution-InternalPayment-1.0-swagger.json
32;4;5880;2823;8703;1550_retor7-citizen-app_api_docs-2.0.0-swagger.json
28;14;5908;2837;8745;1551_RFG-UserManagement-1.0.0-swagger.json
20;3;5928;2840;8768;1564_robertvanmolken-SpendiesAPI-1.0-swagger.json
6;0;5934;2840;8774;1565_robsel1186-Habit-Tracker-1.0.0-oas3-swagger.json
7;0;5941;2840;8781;1570_romulo94-vuttr-1.0.0-swagger.json
6;0;5947;2840;8787;1573_rontero-skso-1.0.0-oas3-swagger.json
153;0;6100;2840;8940;1578_ross-zebra-ross_sim_api-1.13.647.0-swagger.json
12;0;6112;2840;8952;1585_rtgholdings-RTGHoldingsOpenCRMAPI-1.0-swagger.json
14;0;6126;2840;8966;1586_rtgholdings-RTGHoldingsOpenCRMAPISandbox-1.0-swagger.json
20;38;6146;2878;9024;1614_sample-api-mock-common-1.0.0-swagger.json
59;11;6205;2889;9094;1618_Sandbox78-digital-office-0.5-swagger.json
24;29;6229;2918;9147;1624_sasidaren-payment-processing_ap_is_include_send_receive_details_reclaims_and_remitance_informations-3.5.0-swagger.json
16;4;6245;2922;9167;1631_scd.sulga-hrmny-1.0.1-swagger.json
49;4;6294;2926;9220;1638_sehatin.com-sehatin-v1-0.0.1-swagger.json
6;0;6300;2926;9226;1650_senta-Senta-1.4-swagger.json
42;4;6342;2930;9272;1653_sentifi-api-docs-sentifi-intelligence_markets_api-1.0.0-swagger.json
23;0;6365;2930;9295;1654_sep3-project-SEP3-tier2-1.0.0-oas3-swagger.json
27;5;6392;2935;9327;1655_septianw-ahsan-0.1.0-swagger.json
4;1;6396;2936;9332;1669_shjulberg-music-api-0.3.3-swagger.json
42;19;6438;2955;9393;1673_Shoprunback-SRB-APP-1.1.0.0-swagger.json
3;0;6441;2955;9396;1688_sindhu-gangadharan-product-1.0.0-swagger.json
15;0;6456;2955;9411;1700_Smartinfo-Sweden-AB-SmartinfoSystemsAPI-2.5.0-oas3-swagger.json
5;3;6461;2958;9419;1703_smoya_samba-mvr-api-0.0.3-swagger.json
1;0;6462;2958;9420;1705_SOITEC-AWS_SES-1.0.0-oas3-swagger.json
9;0;6471;2958;9429;1722_SportsBiz-CognitoAdapter-1.0.0-swagger.json
9;0;6480;2958;9438;1724_sportshi-team-service-1.0.0-swagger.json
22;0;6502;2958;9460;1727_Srijan-Tech-la-mer_lmx_cms_rest_api-1.0-swagger.json
14;14;6516;2972;9488;1732_Staant95-Smartshop-1.0.0-swagger.json
24;6;6540;2978;9518;1738_StepAhead-StepsCRM-0.0.8-swagger.json
3;1;6543;2979;9522;1750_Subway-FreshAPI-Order-1.0.0-swagger.json
55;12;6598;2991;9589;1752_supla-supla-cloud-api-2.3.0-swagger.json
3;10;6601;3001;9602;1768_szse-dev-finbus_mbam_monitoring_indicator-0.0.1-swagger.json
9;6;6610;3007;9617;1776_talentclue-talent-clue_api-1.1.4-swagger.json
7;0;6617;3007;9624;1777_taltech-lang-lab-SpeakerID-1.0.0-swagger.json
50;0;6667;3007;9674;1789_team777-1551-1.0.0-oas3-swagger.json
9;0;6676;3007;9683;1790_teameap-Viptela_by_Orange-1.0.2-swagger.json
18;31;6694;3038;9732;1793_teconcept-swagger-io_link_master-0.0.1-oas3-swagger.json
5;0;6699;3038;9737;1797_telkomdev-lalas-ChatAja-Core-1.0.0-swagger.json
4;1;6703;3039;9742;1798_telless-temp-1.0.0-swagger.json
3;0;6706;3039;9745;1807_test8374-testAPI001-0.0.1-swagger.json
82;0;6788;3039;9827;1822_The-Villa-Play_Server-1.0-oas3-swagger.json
16;0;6804;3039;9843;1823_theatrixx-mediaplayer-device-1.0.0-oas3-swagger.json
23;44;6827;3083;9910;1837_TIS-CCA-cca-core_data_service_api-1.210.3-oas3-swagger.json
8;1;6835;3084;9919;1845_tomsluyts-Persoon-1.0.0-swagger.json
9;0;6844;3084;9928;1847_Toporov_Vladislav-transfer-1.0.0-swagger.json
6;0;6850;3084;9934;1848_toures_balon-Usuario-Servicio-1.0.0-swagger.json
5;0;6855;3084;9939;1849_Tournamazing-tournament-service-v1-oas3-swagger.json
4;0;6859;3084;9943;1864_tsdv-Ehpd-1.0.0-swagger.json
8;2;6867;3086;9953;1866_tsfreitas-arauto-ws-1.0.0-swagger.json
10;0;6877;3086;9963;1877_Ulakapp.com-b-2_b_public-1.0-swagger.json
2;0;6879;3086;9965;1898_vaporting-passive-dns-1.0-swagger.json
4;0;6883;3086;9969;1908_vidacare-vidacare.ticket-1.1.0-oas3-swagger.json
17;4;6900;3090;9990;1911_Videonetics2020-MerafaceService-1.0.0.0-swagger.json
4;0;6904;3090;9994;1925_VPL-Solutions-LLC-catalog-1.0.0-swagger.json
4;0;6908;3090;9998;1927_vs-simonchristian-haw_vs_tavern-1.0.0-swagger.json
4;0;6912;3090;10002;1940_Weavr-Webhook-2.9.4-swagger.json
17;1;6929;3091;10020;1949_WeProov8-WeProovApi-1.0.0-oas3-swagger.json
3;1;6932;3092;10024;1951_wesinc.api-fileupload-2.0-swagger.json
3;4;6935;3096;10031;1955_whisperwind-COG-1.0.0-swagger.json
15;0;6950;3096;10046;1961_williamchand-bca_young_hackr-1.0.0-swagger.json
10;0;6960;3096;10056;1967_WKozman-TestBook-1.1.1-swagger.json
12;0;6972;3096;10068;1968_WM-Reply-kms-reports_api_bat_test-1.0.3-swagger.json
8;0;6980;3096;10076;1970_Wodomon-Teletype-1.1.0-swagger.json
31;5;7011;3101;10112;1971_Woleet-WoleetIDServerAPI-1.2.3-swagger.json
12;4;7023;3105;10128;1973_Woody-Technologies-PublicAPI-1.0.1-swagger.json
7;0;7030;3105;10135;1974_WorkshopTech-PharmaStock-1.0.0-swagger.json
6;0;7036;3105;10141;1985_XNAT-Metrics-1.0.0-swagger.json
24;0;7060;3105;10165;2004_youbim-llc-youbim-1.0.0-swagger.json
2;2;7062;3107;10169;2008_yujinlim-myatm-1.0.0-swagger.json
9;1;7071;3108;10179;2020_zCode-Solutions-meetMyTypes-mobile-api-doc-1.0.2-swagger.json
1;0;7072;3108;10180;2032_Zipari-Core-Services-CareFirstMemberPoliciesList-100.0.2-swagger.json
1;0;7073;3108;10181;2036_Zipari-Core-Services-DocumentsList-10.3.1-swagger.json
15;29;7088;3137;10225;2037_Zipari-Core-Services-EDE_api-1.0.1-swagger.json
1;0;7089;3137;10226;2039_Zipari-Core-Services-GroupsList-10.0.4-swagger.json
1;0;7090;3137;10227;2040_Zipari-Core-Services-IDCardsList-10.2.1-swagger.json
1;0;7091;3137;10228;2042_Zipari-Core-Services-MemberPoliciesList-10.1.4-swagger.json
1;0;7092;3137;10229;2043_Zipari-Core-Services-MembersList-10.2.1-swagger.json
1;0;7093;3137;10230;2049_Zipari-Core-Services-MessageThreadsList-10.5.1-swagger.json
1;0;7094;3137;10231;2054_Zipari-Core-Services-PlansList-10.5.2-swagger.json
1;0;7095;3137;10232;2057_Zipari-Core-Services-PoliciesList-10.1.10-swagger.json
1;0;7096;3137;10233;2060_Zipari-Core-Services-ProvidersList-10.0.7-swagger.json
1;0;7097;3137;10234;2062_Zipari-Core-Services-TransactionsList-10.1.1-swagger.json
20;11;7117;3148;10265;2066_Zipari-Core-Services-zipari_provider_portal_v_3_0_1_payer_api_specification-3.0.3-swagger.json
1;0;7118;3148;10266;2068_ZIPARI19-policy_api-1.0.0-swagger.json
